94.1
97
99.2
100.1
102
103.4
105.5
105.9
106.1
106.5
107
107.1
108
108.2
109
109.5
110
111
111.5
112
112.3
112.5
112.9
113
113.2
113.5
114
114.1
114.5
115
115.2
115.5
115.7
116
116.5
116.9
117
117.2
117.5
118
118.1
118.3
118.5
118.9
119
119.2
119.5
119.6
119.8
120
120.2
120.6
120.8
121
121.1
121.5
121.9
122
122.2
122.5
122.6
122.9
123
123
123.1
123.2
123.5
123.5
123.8
123.9
124
124.5
124.8
125
125.5
126
126.1
126.5
127
127.5
127.8
128
128.5
129
129.5
129.9
130
131
131.4
132
133
133.6
134
134.2
135
135.8
138
140
